[Settings]
center_lat = 34.880835
center_lon = 10.8345672
num_sensors = 100
bandwidth_bps = 2400
latency_ms = 100
bit_error_prob = 0.01
code_len = 128
reciever_lat = 34.880836
reciever_lon = 10.8345673
spread = 0.0005